#SITE	WT_AA	SITE_ENTROPY	PI_A	PI_C	PI_D	PI_E	PI_F	PI_G	PI_H	PI_I	PI_K	PI_L	PI_M	PI_N	PI_P	PI_Q	PI_R	PI_S	PI_T	PI_V	PI_W	PI_Y
1	na	0.000000	0.000000	0.000000	0.000000	0.000000	0.000000	0.000000	0.000000	0.000000	0.000000	0.000000	1.000000	0.000000	0.000000	0.000000	0.000000	0.000000	0.000000	0.000000	0.000000	0.000000
2	na	1.224394	0.222222	0.000000	0.000000	0.000000	0.000000	0.666667	0.000000	0.000000	0.000000	0.000000	0.000000	0.000000	0.000000	0.000000	0.000000	0.000000	0.000000	0.111111	0.000000	0.000000
3	na	0.000000	0.000000	0.000000	0.000000	0.000000	0.000000	0.000000	0.000000	0.000000	0.000000	1.000000	0.000000	0.000000	0.000000	0.000000	0.000000	0.000000	0.000000	0.000000	0.000000	0.000000
4	na	0.000000	0.000000	0.000000	0.000000	0.000000	0.000000	0.000000	0.000000	0.000000	0.000000	0.000000	0.000000	0.000000	0.000000	0.000000	0.000000	1.000000	0.000000	0.000000	0.000000	0.000000
5	na	0.591673	0.000000	0.000000	0.857143	0.142857	0.000000	0.000000	0.000000	0.000000	0.000000	0.000000	0.000000	0.000000	0.000000	0.000000	0.000000	0.000000	0.000000	0.000000	0.000000	0.000000
6	na	0.591673	0.000000	0.000000	0.000000	0.000000	0.000000	0.857143	0.000000	0.000000	0.000000	0.000000	0.000000	0.000000	0.000000	0.142857	0.000000	0.000000	0.000000	0.000000	0.000000	0.000000
7	na	0.764205	0.000000	0.000000	0.222222	0.777778	0.000000	0.000000	0.000000	0.000000	0.000000	0.000000	0.000000	0.000000	0.000000	0.000000	0.000000	0.000000	0.000000	0.000000	0.000000	0.000000
8	na	0.764205	0.000000	0.000000	0.000000	0.000000	0.000000	0.000000	0.222222	0.000000	0.000000	0.000000	0.000000	0.000000	0.000000	0.000000	0.000000	0.000000	0.000000	0.000000	0.777778	0.000000
9	na	0.986427	0.000000	0.000000	0.111111	0.111111	0.000000	0.000000	0.000000	0.000000	0.000000	0.000000	0.000000	0.000000	0.000000	0.777778	0.000000	0.000000	0.000000	0.000000	0.000000	0.000000
10	na	0.764205	0.000000	0.000000	0.000000	0.000000	0.000000	0.000000	0.000000	0.000000	0.000000	0.777778	0.000000	0.000000	0.000000	0.222222	0.000000	0.000000	0.000000	0.000000	0.000000	0.000000
11	na	0.000000	0.000000	0.000000	0.000000	0.000000	0.000000	0.000000	0.000000	0.000000	0.000000	0.000000	0.000000	0.000000	0.000000	0.000000	0.000000	0.000000	0.000000	1.000000	0.000000	0.000000
12	na	0.000000	0.000000	0.000000	0.000000	0.000000	0.000000	0.000000	0.000000	0.000000	0.000000	1.000000	0.000000	0.000000	0.000000	0.000000	0.000000	0.000000	0.000000	0.000000	0.000000	0.000000
13	na	1.657743	0.000000	0.000000	0.000000	0.000000	0.000000	0.000000	0.111111	0.000000	0.222222	0.000000	0.000000	0.555556	0.000000	0.000000	0.000000	0.000000	0.111111	0.000000	0.000000	0.000000
14	na	1.657743	0.111111	0.222222	0.000000	0.000000	0.000000	0.000000	0.000000	0.111111	0.000000	0.000000	0.000000	0.000000	0.000000	0.000000	0.000000	0.000000	0.000000	0.555556	0.000000	0.000000
15	na	0.000000	0.000000	0.000000	0.000000	0.000000	0.000000	0.000000	0.000000	0.000000	0.000000	0.000000	0.000000	0.000000	0.000000	0.000000	0.000000	0.000000	0.000000	0.000000	1.000000	0.000000
16	na	0.503258	0.111111	0.000000	0.000000	0.000000	0.000000	0.888889	0.000000	0.000000	0.000000	0.000000	0.000000	0.000000	0.000000	0.000000	0.000000	0.000000	0.000000	0.000000	0.000000	0.000000
17	na	0.986427	0.111111	0.000000	0.000000	0.000000	0.000000	0.111111	0.000000	0.000000	0.777778	0.000000	0.000000	0.000000	0.000000	0.000000	0.000000	0.000000	0.000000	0.000000	0.000000	0.000000
18	na	0.000000	0.000000	0.000000	0.000000	0.000000	0.000000	0.000000	0.000000	0.000000	0.000000	0.000000	0.000000	0.000000	0.000000	0.000000	0.000000	0.000000	0.000000	1.000000	0.000000	0.000000
19	na	0.000000	0.000000	0.000000	0.000000	1.000000	0.000000	0.000000	0.000000	0.000000	0.000000	0.000000	0.000000	0.000000	0.000000	0.000000	0.000000	0.000000	0.000000	0.000000	0.000000	0.000000
20	na	0.000000	1.000000	0.000000	0.000000	0.000000	0.000000	0.000000	0.000000	0.000000	0.000000	0.000000	0.000000	0.000000	0.000000	0.000000	0.000000	0.000000	0.000000	0.000000	0.000000	0.000000
21	na	0.000000	0.000000	0.000000	1.000000	0.000000	0.000000	0.000000	0.000000	0.000000	0.000000	0.000000	0.000000	0.000000	0.000000	0.000000	0.000000	0.000000	0.000000	0.000000	0.000000	0.000000
22	na	2.113283	0.000000	0.000000	0.000000	0.000000	0.111111	0.000000	0.000000	0.333333	0.000000	0.111111	0.000000	0.000000	0.000000	0.000000	0.000000	0.000000	0.000000	0.333333	0.000000	0.111111
23	na	0.986427	0.777778	0.000000	0.000000	0.111111	0.000000	0.000000	0.000000	0.000000	0.000000	0.000000	0.000000	0.000000	0.111111	0.000000	0.000000	0.000000	0.000000	0.000000	0.000000	0.000000
24	na	0.503258	0.111111	0.000000	0.000000	0.000000	0.000000	0.888889	0.000000	0.000000	0.000000	0.000000	0.000000	0.000000	0.000000	0.000000	0.000000	0.000000	0.000000	0.000000	0.000000	0.000000
25	na	0.986427	0.000000	0.000000	0.000000	0.000000	0.000000	0.000000	0.777778	0.000000	0.000000	0.000000	0.000000	0.111111	0.000000	0.000000	0.000000	0.000000	0.111111	0.000000	0.000000	0.000000
26	na	0.000000	0.000000	0.000000	0.000000	0.000000	0.000000	1.000000	0.000000	0.000000	0.000000	0.000000	0.000000	0.000000	0.000000	0.000000	0.000000	0.000000	0.000000	0.000000	0.000000	0.000000
27	na	1.224394	0.000000	0.000000	0.000000	0.000000	0.000000	0.222222	0.111111	0.000000	0.000000	0.000000	0.000000	0.000000	0.000000	0.666667	0.000000	0.000000	0.000000	0.000000	0.000000	0.000000
28	na	0.503258	0.000000	0.000000	0.111111	0.888889	0.000000	0.000000	0.000000	0.000000	0.000000	0.000000	0.000000	0.000000	0.000000	0.000000	0.000000	0.000000	0.000000	0.000000	0.000000	0.000000
29	na	0.503258	0.000000	0.000000	0.000000	0.000000	0.000000	0.000000	0.000000	0.111111	0.000000	0.000000	0.000000	0.000000	0.000000	0.000000	0.000000	0.000000	0.000000	0.888889	0.000000	0.000000
30	na	0.000000	0.000000	0.000000	0.000000	0.000000	0.000000	0.000000	0.000000	0.000000	0.000000	1.000000	0.000000	0.000000	0.000000	0.000000	0.000000	0.000000	0.000000	0.000000	0.000000	0.000000
31	na	1.446617	0.000000	0.000000	0.000000	0.000000	0.000000	0.000000	0.000000	0.666667	0.000000	0.000000	0.111111	0.111111	0.000000	0.000000	0.000000	0.000000	0.111111	0.000000	0.000000	0.000000
32	na	0.503258	0.000000	0.000000	0.000000	0.000000	0.000000	0.111111	0.000000	0.000000	0.000000	0.000000	0.000000	0.000000	0.000000	0.000000	0.888889	0.000000	0.000000	0.000000	0.000000	0.000000
33	na	0.000000	0.000000	0.000000	0.000000	0.000000	0.000000	0.000000	0.000000	0.000000	0.000000	1.000000	0.000000	0.000000	0.000000	0.000000	0.000000	0.000000	0.000000	0.000000	0.000000	0.000000
34	na	0.000000	0.000000	0.000000	0.000000	0.000000	1.000000	0.000000	0.000000	0.000000	0.000000	0.000000	0.000000	0.000000	0.000000	0.000000	0.000000	0.000000	0.000000	0.000000	0.000000	0.000000
35	na	1.224394	0.000000	0.000000	0.000000	0.000000	0.000000	0.000000	0.111111	0.000000	0.666667	0.000000	0.000000	0.000000	0.000000	0.000000	0.000000	0.000000	0.222222	0.000000	0.000000	0.000000
36	na	2.281036	0.000000	0.000000	0.111111	0.111111	0.000000	0.444444	0.000000	0.000000	0.000000	0.000000	0.000000	0.000000	0.000000	0.111111	0.000000	0.111111	0.111111	0.000000	0.000000	0.000000
37	na	0.503258	0.000000	0.000000	0.000000	0.000000	0.000000	0.000000	0.888889	0.000000	0.000000	0.000000	0.000000	0.000000	0.000000	0.000000	0.000000	0.000000	0.000000	0.000000	0.000000	0.111111
38	na	0.000000	0.000000	0.000000	0.000000	0.000000	0.000000	0.000000	0.000000	0.000000	0.000000	0.000000	0.000000	0.000000	1.000000	0.000000	0.000000	0.000000	0.000000	0.000000	0.000000	0.000000
39	na	0.503258	0.000000	0.000000	0.111111	0.888889	0.000000	0.000000	0.000000	0.000000	0.000000	0.000000	0.000000	0.000000	0.000000	0.000000	0.000000	0.000000	0.000000	0.000000	0.000000	0.000000
40	na	0.000000	0.000000	0.000000	0.000000	0.000000	0.000000	0.000000	0.000000	0.000000	0.000000	0.000000	0.000000	0.000000	0.000000	0.000000	0.000000	0.000000	1.000000	0.000000	0.000000	0.000000
41	na	0.503258	0.000000	0.000000	0.000000	0.000000	0.000000	0.000000	0.000000	0.000000	0.000000	0.888889	0.000000	0.000000	0.000000	0.111111	0.000000	0.000000	0.000000	0.000000	0.000000	0.000000
42	na	1.435521	0.000000	0.000000	0.222222	0.555556	0.000000	0.000000	0.000000	0.000000	0.222222	0.000000	0.000000	0.000000	0.000000	0.000000	0.000000	0.000000	0.000000	0.000000	0.000000	0.000000
43	na	1.224394	0.000000	0.000000	0.000000	0.000000	0.000000	0.000000	0.000000	0.000000	0.666667	0.222222	0.000000	0.000000	0.000000	0.000000	0.111111	0.000000	0.000000	0.000000	0.000000	0.000000
44	na	0.000000	0.000000	0.000000	0.000000	0.000000	1.000000	0.000000	0.000000	0.000000	0.000000	0.000000	0.000000	0.000000	0.000000	0.000000	0.000000	0.000000	0.000000	0.000000	0.000000	0.000000
45	na	0.764205	0.000000	0.000000	0.777778	0.000000	0.000000	0.000000	0.000000	0.000000	0.000000	0.000000	0.000000	0.000000	0.222222	0.000000	0.000000	0.000000	0.000000	0.000000	0.000000	0.000000
46	na	0.503258	0.000000	0.000000	0.000000	0.000000	0.000000	0.000000	0.000000	0.000000	0.888889	0.000000	0.000000	0.000000	0.000000	0.000000	0.111111	0.000000	0.000000	0.000000	0.000000	0.000000
47	na	0.000000	0.000000	0.000000	0.000000	0.000000	1.000000	0.000000	0.000000	0.000000	0.000000	0.000000	0.000000	0.000000	0.000000	0.000000	0.000000	0.000000	0.000000	0.000000	0.000000	0.000000
48	na	0.986427	0.000000	0.000000	0.000000	0.000000	0.000000	0.000000	0.000000	0.000000	0.777778	0.000000	0.000000	0.000000	0.000000	0.000000	0.000000	0.111111	0.000000	0.111111	0.000000	0.000000
49	na	1.351644	0.000000	0.000000	0.000000	0.000000	0.000000	0.333333	0.555556	0.000000	0.000000	0.000000	0.000000	0.111111	0.000000	0.000000	0.000000	0.000000	0.000000	0.000000	0.000000	0.000000
50	na	0.764205	0.000000	0.000000	0.000000	0.000000	0.000000	0.000000	0.000000	0.222222	0.000000	0.777778	0.000000	0.000000	0.000000	0.000000	0.000000	0.000000	0.000000	0.000000	0.000000	0.000000
51	na	0.986427	0.111111	0.000000	0.000000	0.000000	0.000000	0.000000	0.000000	0.000000	0.777778	0.000000	0.000000	0.000000	0.000000	0.000000	0.000000	0.111111	0.000000	0.000000	0.000000	0.000000
52	na	0.985228	0.000000	0.000000	0.000000	0.000000	0.000000	0.000000	0.000000	0.000000	0.000000	0.000000	0.000000	0.000000	0.000000	0.000000	0.000000	0.428571	0.571429	0.000000	0.000000	0.000000
53	na	1.224394	0.000000	0.000000	0.000000	0.666667	0.000000	0.000000	0.000000	0.000000	0.000000	0.000000	0.000000	0.000000	0.111111	0.222222	0.000000	0.000000	0.000000	0.000000	0.000000	0.000000
54	na	2.113283	0.333333	0.000000	0.333333	0.111111	0.000000	0.111111	0.000000	0.000000	0.000000	0.000000	0.000000	0.000000	0.000000	0.000000	0.000000	0.111111	0.000000	0.000000	0.000000	0.000000
55	na	1.351644	0.000000	0.000000	0.333333	0.555556	0.000000	0.000000	0.000000	0.000000	0.000000	0.000000	0.000000	0.000000	0.000000	0.111111	0.000000	0.000000	0.000000	0.000000	0.000000	0.000000
56	na	0.764205	0.000000	0.000000	0.000000	0.000000	0.000000	0.000000	0.000000	0.000000	0.000000	0.222222	0.777778	0.000000	0.000000	0.000000	0.000000	0.000000	0.000000	0.000000	0.000000	0.000000
57	na	0.764205	0.222222	0.000000	0.000000	0.000000	0.000000	0.000000	0.000000	0.000000	0.777778	0.000000	0.000000	0.000000	0.000000	0.000000	0.000000	0.000000	0.000000	0.000000	0.000000	0.000000
58	na	0.991076	0.555556	0.000000	0.000000	0.000000	0.000000	0.444444	0.000000	0.000000	0.000000	0.000000	0.000000	0.000000	0.000000	0.000000	0.000000	0.000000	0.000000	0.000000	0.000000	0.000000
59	na	0.503258	0.000000	0.000000	0.000000	0.000000	0.000000	0.000000	0.000000	0.000000	0.000000	0.000000	0.000000	0.111111	0.000000	0.000000	0.000000	0.888889	0.000000	0.000000	0.000000	0.000000
60	na	0.986427	0.111111	0.000000	0.000000	0.777778	0.000000	0.000000	0.000000	0.000000	0.000000	0.000000	0.000000	0.000000	0.111111	0.000000	0.000000	0.000000	0.000000	0.000000	0.000000	0.000000
61	na	0.764205	0.222222	0.000000	0.777778	0.000000	0.000000	0.000000	0.000000	0.000000	0.000000	0.000000	0.000000	0.000000	0.000000	0.000000	0.000000	0.000000	0.000000	0.000000	0.000000	0.000000
62	na	0.764205	0.000000	0.000000	0.000000	0.000000	0.000000	0.000000	0.000000	0.000000	0.000000	0.777778	0.000000	0.000000	0.000000	0.000000	0.000000	0.000000	0.000000	0.222222	0.000000	0.000000
63	na	0.503258	0.111111	0.000000	0.000000	0.000000	0.000000	0.000000	0.000000	0.000000	0.888889	0.000000	0.000000	0.000000	0.000000	0.000000	0.000000	0.000000	0.000000	0.000000	0.000000	0.000000
64	na	0.764205	0.222222	0.000000	0.000000	0.000000	0.000000	0.000000	0.000000	0.000000	0.777778	0.000000	0.000000	0.000000	0.000000	0.000000	0.000000	0.000000	0.000000	0.000000	0.000000	0.000000
65	na	0.000000	0.000000	0.000000	0.000000	0.000000	0.000000	0.000000	1.000000	0.000000	0.000000	0.000000	0.000000	0.000000	0.000000	0.000000	0.000000	0.000000	0.000000	0.000000	0.000000	0.000000
66	na	0.000000	0.000000	0.000000	0.000000	0.000000	0.000000	1.000000	0.000000	0.000000	0.000000	0.000000	0.000000	0.000000	0.000000	0.000000	0.000000	0.000000	0.000000	0.000000	0.000000	0.000000
67	na	2.058814	0.444444	0.111111	0.000000	0.000000	0.000000	0.000000	0.000000	0.000000	0.000000	0.000000	0.000000	0.222222	0.000000	0.000000	0.000000	0.000000	0.111111	0.111111	0.000000	0.000000
68	na	0.503258	0.000000	0.000000	0.000000	0.000000	0.000000	0.000000	0.000000	0.000000	0.000000	0.000000	0.000000	0.000000	0.000000	0.000000	0.000000	0.000000	0.888889	0.111111	0.000000	0.000000
69	na	0.000000	0.000000	0.000000	0.000000	0.000000	0.000000	0.000000	0.000000	0.000000	0.000000	0.000000	0.000000	0.000000	0.000000	0.000000	0.000000	0.000000	0.000000	1.000000	0.000000	0.000000
70	na	0.000000	0.000000	0.000000	0.000000	0.000000	0.000000	0.000000	0.000000	0.000000	0.000000	1.000000	0.000000	0.000000	0.000000	0.000000	0.000000	0.000000	0.000000	0.000000	0.000000	0.000000
71	na	0.764205	0.000000	0.000000	0.000000	0.000000	0.000000	0.000000	0.000000	0.000000	0.222222	0.000000	0.000000	0.000000	0.000000	0.000000	0.000000	0.000000	0.777778	0.000000	0.000000	0.000000
72	na	1.446617	0.666667	0.000000	0.000000	0.000000	0.000000	0.000000	0.000000	0.000000	0.111111	0.000000	0.000000	0.000000	0.000000	0.111111	0.000000	0.111111	0.000000	0.000000	0.000000	0.000000
73	na	0.503258	0.000000	0.000000	0.000000	0.000000	0.000000	0.000000	0.000000	0.000000	0.000000	0.888889	0.000000	0.000000	0.000000	0.000000	0.000000	0.000000	0.000000	0.000000	0.111111	0.000000
74	na	0.503258	0.111111	0.000000	0.000000	0.000000	0.000000	0.888889	0.000000	0.000000	0.000000	0.000000	0.000000	0.000000	0.000000	0.000000	0.000000	0.000000	0.000000	0.000000	0.000000	0.000000
75	na	2.281036	0.111111	0.000000	0.000000	0.111111	0.000000	0.444444	0.000000	0.000000	0.111111	0.000000	0.000000	0.000000	0.000000	0.000000	0.000000	0.111111	0.111111	0.000000	0.000000	0.000000
76	na	0.986427	0.000000	0.111111	0.000000	0.000000	0.000000	0.000000	0.000000	0.777778	0.000000	0.111111	0.000000	0.000000	0.000000	0.000000	0.000000	0.000000	0.000000	0.000000	0.000000	0.000000
77	na	0.000000	0.000000	0.000000	0.000000	0.000000	0.000000	0.000000	0.000000	0.000000	0.000000	1.000000	0.000000	0.000000	0.000000	0.000000	0.000000	0.000000	0.000000	0.000000	0.000000	0.000000
78	na	0.000000	0.000000	0.000000	0.000000	0.000000	0.000000	0.000000	0.000000	0.000000	1.000000	0.000000	0.000000	0.000000	0.000000	0.000000	0.000000	0.000000	0.000000	0.000000	0.000000	0.000000
79	na	1.224394	0.222222	0.000000	0.000000	0.000000	0.000000	0.000000	0.000000	0.000000	0.666667	0.000000	0.000000	0.000000	0.000000	0.111111	0.000000	0.000000	0.000000	0.000000	0.000000	0.000000
80	na	0.503258	0.000000	0.000000	0.000000	0.000000	0.000000	0.000000	0.000000	0.000000	0.888889	0.000000	0.000000	0.000000	0.000000	0.000000	0.111111	0.000000	0.000000	0.000000	0.000000	0.000000
81	na	0.000000	0.000000	0.000000	0.000000	0.000000	0.000000	1.000000	0.000000	0.000000	0.000000	0.000000	0.000000	0.000000	0.000000	0.000000	0.000000	0.000000	0.000000	0.000000	0.000000	0.000000
82	na	1.657743	0.000000	0.000000	0.222222	0.000000	0.000000	0.000000	0.555556	0.000000	0.000000	0.000000	0.000000	0.111111	0.000000	0.111111	0.000000	0.000000	0.000000	0.000000	0.000000	0.000000
83	na	0.000000	0.000000	0.000000	0.000000	0.000000	0.000000	0.000000	1.000000	0.000000	0.000000	0.000000	0.000000	0.000000	0.000000	0.000000	0.000000	0.000000	0.000000	0.000000	0.000000	0.000000
84	na	0.918296	0.333333	0.000000	0.000000	0.666667	0.000000	0.000000	0.000000	0.000000	0.000000	0.000000	0.000000	0.000000	0.000000	0.000000	0.000000	0.000000	0.000000	0.000000	0.000000	0.000000
85	na	0.503258	0.888889	0.000000	0.000000	0.000000	0.000000	0.000000	0.000000	0.000000	0.000000	0.000000	0.000000	0.000000	0.000000	0.000000	0.000000	0.111111	0.000000	0.000000	0.000000	0.000000
86	na	0.986427	0.000000	0.000000	0.000000	0.777778	0.000000	0.000000	0.000000	0.111111	0.000000	0.111111	0.000000	0.000000	0.000000	0.000000	0.000000	0.000000	0.000000	0.000000	0.000000	0.000000
87	na	1.224394	0.000000	0.000000	0.000000	0.000000	0.000000	0.000000	0.000000	0.222222	0.000000	0.666667	0.000000	0.000000	0.000000	0.000000	0.000000	0.000000	0.000000	0.111111	0.000000	0.000000
88	na	0.986427	0.000000	0.000000	0.000000	0.000000	0.000000	0.000000	0.000000	0.000000	0.777778	0.000000	0.000000	0.000000	0.000000	0.111111	0.000000	0.000000	0.111111	0.000000	0.000000	0.000000
89	na	0.503258	0.000000	0.000000	0.000000	0.000000	0.000000	0.000000	0.111111	0.000000	0.000000	0.000000	0.000000	0.000000	0.888889	0.000000	0.000000	0.000000	0.000000	0.000000	0.000000	0.000000
90	na	0.000000	0.000000	0.000000	0.000000	0.000000	0.000000	0.000000	0.000000	0.000000	0.000000	1.000000	0.000000	0.000000	0.000000	0.000000	0.000000	0.000000	0.000000	0.000000	0.000000	0.000000
91	na	0.000000	1.000000	0.000000	0.000000	0.000000	0.000000	0.000000	0.000000	0.000000	0.000000	0.000000	0.000000	0.000000	0.000000	0.000000	0.000000	0.000000	0.000000	0.000000	0.000000	0.000000
92	na	1.446617	0.000000	0.000000	0.000000	0.111111	0.000000	0.000000	0.000000	0.000000	0.000000	0.000000	0.000000	0.111111	0.000000	0.666667	0.000000	0.000000	0.111111	0.000000	0.000000	0.000000
93	na	0.918296	0.000000	0.000000	0.000000	0.000000	0.000000	0.000000	0.000000	0.000000	0.000000	0.000000	0.000000	0.000000	0.000000	0.000000	0.000000	0.666667	0.333333	0.000000	0.000000	0.000000
94	na	0.000000	0.000000	0.000000	0.000000	0.000000	0.000000	0.000000	1.000000	0.000000	0.000000	0.000000	0.000000	0.000000	0.000000	0.000000	0.000000	0.000000	0.000000	0.000000	0.000000	0.000000
95	na	0.000000	1.000000	0.000000	0.000000	0.000000	0.000000	0.000000	0.000000	0.000000	0.000000	0.000000	0.000000	0.000000	0.000000	0.000000	0.000000	0.000000	0.000000	0.000000	0.000000	0.000000
96	na	0.918296	0.000000	0.000000	0.000000	0.000000	0.000000	0.000000	0.000000	0.000000	0.000000	0.000000	0.000000	0.333333	0.000000	0.000000	0.000000	0.000000	0.666667	0.000000	0.000000	0.000000
97	na	0.986427	0.000000	0.000000	0.000000	0.000000	0.000000	0.000000	0.000000	0.111111	0.777778	0.000000	0.000000	0.000000	0.000000	0.000000	0.000000	0.000000	0.111111	0.000000	0.000000	0.000000
98	na	0.000000	0.000000	0.000000	0.000000	0.000000	0.000000	0.000000	1.000000	0.000000	0.000000	0.000000	0.000000	0.000000	0.000000	0.000000	0.000000	0.000000	0.000000	0.000000	0.000000	0.000000
99	na	0.000000	0.000000	0.000000	0.000000	0.000000	0.000000	0.000000	0.000000	0.000000	1.000000	0.000000	0.000000	0.000000	0.000000	0.000000	0.000000	0.000000	0.000000	0.000000	0.000000	0.000000
100	na	0.503258	0.000000	0.000000	0.000000	0.000000	0.000000	0.000000	0.000000	0.888889	0.000000	0.000000	0.000000	0.000000	0.000000	0.000000	0.000000	0.000000	0.000000	0.111111	0.000000	0.000000
101	na	0.764205	0.222222	0.000000	0.000000	0.000000	0.000000	0.000000	0.000000	0.000000	0.000000	0.000000	0.000000	0.000000	0.777778	0.000000	0.000000	0.000000	0.000000	0.000000	0.000000	0.000000
102	na	1.435521	0.000000	0.000000	0.000000	0.000000	0.000000	0.000000	0.000000	0.222222	0.000000	0.222222	0.000000	0.000000	0.000000	0.000000	0.000000	0.000000	0.000000	0.555556	0.000000	0.000000
103	na	0.764205	0.000000	0.000000	0.000000	0.000000	0.000000	0.000000	0.000000	0.000000	0.777778	0.000000	0.000000	0.222222	0.000000	0.000000	0.000000	0.000000	0.000000	0.000000	0.000000	0.000000
104	na	0.764205	0.000000	0.000000	0.000000	0.000000	0.000000	0.000000	0.000000	0.000000	0.000000	0.000000	0.000000	0.222222	0.000000	0.000000	0.000000	0.000000	0.000000	0.000000	0.000000	0.777778
105	na	0.764205	0.000000	0.000000	0.000000	0.000000	0.222222	0.000000	0.000000	0.000000	0.000000	0.777778	0.000000	0.000000	0.000000	0.000000	0.000000	0.000000	0.000000	0.000000	0.000000	0.000000
106	na	0.764205	0.000000	0.000000	0.000000	0.777778	0.000000	0.000000	0.000000	0.000000	0.000000	0.000000	0.000000	0.000000	0.000000	0.000000	0.222222	0.000000	0.000000	0.000000	0.000000	0.000000
107	na	0.764205	0.000000	0.000000	0.000000	0.000000	0.777778	0.000000	0.000000	0.000000	0.000000	0.222222	0.000000	0.000000	0.000000	0.000000	0.000000	0.000000	0.000000	0.000000	0.000000	0.000000
108	na	0.000000	0.000000	0.000000	0.000000	0.000000	0.000000	0.000000	0.000000	1.000000	0.000000	0.000000	0.000000	0.000000	0.000000	0.000000	0.000000	0.000000	0.000000	0.000000	0.000000	0.000000
109	na	0.764205	0.000000	0.000000	0.000000	0.000000	0.000000	0.000000	0.000000	0.000000	0.000000	0.000000	0.000000	0.000000	0.000000	0.000000	0.000000	0.777778	0.222222	0.000000	0.000000	0.000000
110	na	0.764205	0.000000	0.000000	0.222222	0.777778	0.000000	0.000000	0.000000	0.000000	0.000000	0.000000	0.000000	0.000000	0.000000	0.000000	0.000000	0.000000	0.000000	0.000000	0.000000	0.000000
111	na	1.752715	0.444444	0.111111	0.000000	0.000000	0.000000	0.000000	0.000000	0.111111	0.000000	0.000000	0.000000	0.000000	0.000000	0.000000	0.000000	0.000000	0.000000	0.333333	0.000000	0.000000
112	na	0.764205	0.000000	0.000000	0.000000	0.000000	0.000000	0.000000	0.000000	0.777778	0.000000	0.222222	0.000000	0.000000	0.000000	0.000000	0.000000	0.000000	0.000000	0.000000	0.000000	0.000000
113	na	0.764205	0.000000	0.000000	0.000000	0.000000	0.000000	0.000000	0.000000	0.777778	0.000000	0.000000	0.000000	0.000000	0.000000	0.000000	0.000000	0.000000	0.000000	0.222222	0.000000	0.000000
114	na	1.891061	0.000000	0.000000	0.000000	0.111111	0.000000	0.000000	0.333333	0.000000	0.333333	0.000000	0.000000	0.000000	0.000000	0.222222	0.000000	0.000000	0.000000	0.000000	0.000000	0.000000
115	na	0.000000	0.000000	0.000000	0.000000	0.000000	0.000000	0.000000	0.000000	0.000000	0.000000	0.000000	0.000000	0.000000	0.000000	0.000000	0.000000	0.000000	0.000000	1.000000	0.000000	0.000000
116	na	1.224394	0.000000	0.000000	0.000000	0.000000	0.000000	0.000000	0.000000	0.111111	0.000000	0.666667	0.222222	0.000000	0.000000	0.000000	0.000000	0.000000	0.000000	0.000000	0.000000	0.000000
117	na	1.891061	0.333333	0.000000	0.000000	0.000000	0.000000	0.000000	0.333333	0.000000	0.111111	0.000000	0.000000	0.000000	0.000000	0.222222	0.000000	0.000000	0.000000	0.000000	0.000000	0.000000
118	na	1.752715	0.111111	0.000000	0.000000	0.333333	0.000000	0.000000	0.000000	0.000000	0.111111	0.000000	0.000000	0.000000	0.000000	0.000000	0.000000	0.444444	0.000000	0.000000	0.000000	0.000000
119	na	0.764205	0.000000	0.000000	0.000000	0.000000	0.000000	0.000000	0.000000	0.000000	0.777778	0.000000	0.000000	0.000000	0.000000	0.000000	0.222222	0.000000	0.000000	0.000000	0.000000	0.000000
120	na	0.764205	0.222222	0.000000	0.000000	0.000000	0.000000	0.000000	0.777778	0.000000	0.000000	0.000000	0.000000	0.000000	0.000000	0.000000	0.000000	0.000000	0.000000	0.000000	0.000000	0.000000
121	na	1.657743	0.111111	0.000000	0.000000	0.000000	0.000000	0.222222	0.000000	0.000000	0.000000	0.000000	0.000000	0.000000	0.555556	0.000000	0.000000	0.111111	0.000000	0.000000	0.000000	0.000000
122	na	1.657743	0.111111	0.000000	0.000000	0.000000	0.000000	0.555556	0.000000	0.000000	0.000000	0.222222	0.000000	0.000000	0.000000	0.000000	0.000000	0.111111	0.000000	0.000000	0.000000	0.000000
123	na	0.000000	0.000000	0.000000	1.000000	0.000000	0.000000	0.000000	0.000000	0.000000	0.000000	0.000000	0.000000	0.000000	0.000000	0.000000	0.000000	0.000000	0.000000	0.000000	0.000000	0.000000
124	na	0.000000	0.000000	0.000000	0.000000	0.000000	1.000000	0.000000	0.000000	0.000000	0.000000	0.000000	0.000000	0.000000	0.000000	0.000000	0.000000	0.000000	0.000000	0.000000	0.000000	0.000000
125	na	0.000000	0.000000	0.000000	0.000000	0.000000	0.000000	1.000000	0.000000	0.000000	0.000000	0.000000	0.000000	0.000000	0.000000	0.000000	0.000000	0.000000	0.000000	0.000000	0.000000	0.000000
126	na	0.000000	1.000000	0.000000	0.000000	0.000000	0.000000	0.000000	0.000000	0.000000	0.000000	0.000000	0.000000	0.000000	0.000000	0.000000	0.000000	0.000000	0.000000	0.000000	0.000000	0.000000
127	na	0.986427	0.111111	0.000000	0.777778	0.000000	0.000000	0.111111	0.000000	0.000000	0.000000	0.000000	0.000000	0.000000	0.000000	0.000000	0.000000	0.000000	0.000000	0.000000	0.000000	0.000000
128	na	1.224394	0.666667	0.000000	0.000000	0.000000	0.000000	0.222222	0.000000	0.000000	0.000000	0.000000	0.000000	0.000000	0.000000	0.000000	0.000000	0.111111	0.000000	0.000000	0.000000	0.000000
129	na	0.000000	0.000000	0.000000	0.000000	0.000000	0.000000	0.000000	0.000000	0.000000	0.000000	0.000000	0.000000	0.000000	0.000000	1.000000	0.000000	0.000000	0.000000	0.000000	0.000000	0.000000
130	na	1.224394	0.222222	0.000000	0.000000	0.000000	0.000000	0.666667	0.000000	0.000000	0.000000	0.000000	0.000000	0.000000	0.000000	0.000000	0.000000	0.111111	0.000000	0.000000	0.000000	0.000000
131	na	0.000000	1.000000	0.000000	0.000000	0.000000	0.000000	0.000000	0.000000	0.000000	0.000000	0.000000	0.000000	0.000000	0.000000	0.000000	0.000000	0.000000	0.000000	0.000000	0.000000	0.000000
132	na	0.764205	0.000000	0.000000	0.000000	0.000000	0.000000	0.000000	0.000000	0.000000	0.000000	0.222222	0.777778	0.000000	0.000000	0.000000	0.000000	0.000000	0.000000	0.000000	0.000000	0.000000
133	na	2.197160	0.000000	0.000000	0.000000	0.000000	0.000000	0.000000	0.000000	0.000000	0.111111	0.000000	0.000000	0.222222	0.000000	0.000000	0.222222	0.333333	0.111111	0.000000	0.000000	0.000000
134	na	0.764205	0.000000	0.000000	0.000000	0.000000	0.000000	0.000000	0.000000	0.000000	0.777778	0.000000	0.000000	0.000000	0.000000	0.000000	0.222222	0.000000	0.000000	0.000000	0.000000	0.000000
135	na	0.764205	0.777778	0.000000	0.000000	0.000000	0.000000	0.000000	0.000000	0.000000	0.000000	0.000000	0.000000	0.000000	0.000000	0.000000	0.000000	0.000000	0.000000	0.222222	0.000000	0.000000
136	na	0.764205	0.000000	0.000000	0.000000	0.000000	0.000000	0.000000	0.000000	0.000000	0.000000	0.777778	0.222222	0.000000	0.000000	0.000000	0.000000	0.000000	0.000000	0.000000	0.000000	0.000000
137	na	0.764205	0.000000	0.000000	0.222222	0.777778	0.000000	0.000000	0.000000	0.000000	0.000000	0.000000	0.000000	0.000000	0.000000	0.000000	0.000000	0.000000	0.000000	0.000000	0.000000	0.000000
138	na	0.986427	0.111111	0.000000	0.000000	0.000000	0.000000	0.000000	0.000000	0.000000	0.000000	0.777778	0.000000	0.000000	0.000000	0.000000	0.000000	0.000000	0.000000	0.111111	0.000000	0.000000
139	na	0.764205	0.000000	0.000000	0.000000	0.000000	0.777778	0.000000	0.000000	0.000000	0.000000	0.000000	0.000000	0.000000	0.000000	0.000000	0.000000	0.000000	0.000000	0.222222	0.000000	0.000000
140	na	0.764205	0.000000	0.000000	0.000000	0.000000	0.000000	0.000000	0.000000	0.222222	0.000000	0.000000	0.000000	0.000000	0.000000	0.000000	0.777778	0.000000	0.000000	0.000000	0.000000	0.000000
141	na	1.435521	0.000000	0.000000	0.000000	0.000000	0.000000	0.222222	0.000000	0.000000	0.222222	0.000000	0.000000	0.555556	0.000000	0.000000	0.000000	0.000000	0.000000	0.000000	0.000000	0.000000
142	na	0.000000	0.000000	0.000000	1.000000	0.000000	0.000000	0.000000	0.000000	0.000000	0.000000	0.000000	0.000000	0.000000	0.000000	0.000000	0.000000	0.000000	0.000000	0.000000	0.000000	0.000000
143	na	0.991076	0.000000	0.000000	0.000000	0.000000	0.000000	0.000000	0.000000	0.555556	0.000000	0.000000	0.444444	0.000000	0.000000	0.000000	0.000000	0.000000	0.000000	0.000000	0.000000	0.000000
144	na	0.764205	0.777778	0.000000	0.222222	0.000000	0.000000	0.000000	0.000000	0.000000	0.000000	0.000000	0.000000	0.000000	0.000000	0.000000	0.000000	0.000000	0.000000	0.000000	0.000000	0.000000
145	na	1.657743	0.555556	0.000000	0.000000	0.000000	0.000000	0.111111	0.000000	0.000000	0.000000	0.000000	0.000000	0.000000	0.000000	0.000000	0.000000	0.222222	0.111111	0.000000	0.000000	0.000000
146	na	1.657743	0.000000	0.000000	0.000000	0.000000	0.000000	0.000000	0.000000	0.000000	0.555556	0.000000	0.000000	0.111111	0.000000	0.111111	0.000000	0.000000	0.000000	0.000000	0.000000	0.222222
147	na	0.000000	0.000000	0.000000	0.000000	0.000000	0.000000	0.000000	0.000000	0.000000	0.000000	0.000000	0.000000	0.000000	0.000000	0.000000	0.000000	0.000000	0.000000	0.000000	0.000000	1.000000
148	na	0.000000	0.000000	0.000000	0.000000	0.000000	0.000000	0.000000	0.000000	0.000000	1.000000	0.000000	0.000000	0.000000	0.000000	0.000000	0.000000	0.000000	0.000000	0.000000	0.000000	0.000000
149	na	0.503258	0.000000	0.000000	0.000000	0.888889	0.000000	0.000000	0.000000	0.000000	0.000000	0.000000	0.000000	0.000000	0.000000	0.000000	0.000000	0.000000	0.000000	0.111111	0.000000	0.000000
150	na	1.224394	0.000000	0.000000	0.000000	0.000000	0.111111	0.000000	0.000000	0.222222	0.000000	0.666667	0.000000	0.000000	0.000000	0.000000	0.000000	0.000000	0.000000	0.000000	0.000000	0.000000
151	na	0.000000	0.000000	0.000000	0.000000	0.000000	0.000000	1.000000	0.000000	0.000000	0.000000	0.000000	0.000000	0.000000	0.000000	0.000000	0.000000	0.000000	0.000000	0.000000	0.000000	0.000000
152	na	0.503258	0.000000	0.000000	0.000000	0.000000	0.888889	0.000000	0.000000	0.000000	0.000000	0.000000	0.000000	0.000000	0.000000	0.000000	0.000000	0.000000	0.000000	0.000000	0.000000	0.111111
153	na	1.224394	0.222222	0.000000	0.000000	0.000000	0.000000	0.000000	0.111111	0.000000	0.000000	0.000000	0.000000	0.000000	0.000000	0.666667	0.000000	0.000000	0.000000	0.000000	0.000000	0.000000
154	na	0.000000	0.000000	0.000000	0.000000	0.000000	0.000000	1.000000	0.000000	0.000000	0.000000	0.000000	0.000000	0.000000	0.000000	0.000000	0.000000	0.000000	0.000000	0.000000	0.000000	0.000000
